_viz_0 = nengo_gui.components.SpikeGrid(cornerLayer)
_viz_config[_viz_0].label_visible = True
_viz_config[_viz_0].width = 0.18157222166815784
_viz_config[_viz_0].height = 0.2235294117647059
_viz_config[_viz_0].y = 0.7518545581026055
_viz_config[_viz_0].x = 0.7587128743561035
_viz_1 = nengo_gui.components.Raster(cornerLayer)
_viz_config[_viz_1].label_visible = True
_viz_config[_viz_1].width = 0.27099566138761805
_viz_config[_viz_1].x = 0.7550393198091552
_viz_config[_viz_1].y = 0.2195016169261358
_viz_config[_viz_1].height = 0.21470588235294116
_viz_2 = nengo_gui.components.SpikeGrid(featureMap_v)
_viz_config[_viz_2].label_visible = True
_viz_config[_viz_2].width = 0.14285714285714285
_viz_config[_viz_2].height = 0.19607843137254902
_viz_config[_viz_2].y = 0.20000000000000012
_viz_config[_viz_2].x = 0.13515573762800584
_viz_3 = nengo_gui.components.SpikeGrid(featureMap_h)
_viz_config[_viz_3].label_visible = True
_viz_config[_viz_3].width = 0.14285714285714285
_viz_config[_viz_3].height = 0.19607843137254902
_viz_config[_viz_3].y = 0.774509803921569
_viz_config[_viz_3].x = 0.12947443690654242
_viz_ace_editor = nengo_gui.components.AceEditor()
_viz_net_graph = nengo_gui.components.NetGraph()
_viz_sim_control = nengo_gui.components.SimControl()
_viz_config[_viz_sim_control].kept_time = 4.0
_viz_config[_viz_sim_control].shown_time = 0.5
_viz_config[cornerLayer].pos=(0.5630311154951838, 0.5093834012219163)
_viz_config[cornerLayer].size=(0.1, 0.1)
_viz_config[featureMap_h].pos=(0.3793878568199624, 0.8039215686274509)
_viz_config[featureMap_h].size=(0.15151515151515152, 0.1)
_viz_config[featureMap_v].pos=(0.38506915754142584, 0.19803921568627442)
_viz_config[featureMap_v].size=(0.15151515151515152, 0.1)
_viz_config[model].pos=(0, 0)
_viz_config[model].size=(1.0, 1.0)
_viz_config[model].expanded=True
_viz_config[model].has_layout=True
_viz_config[stim].pos=(0.17335853468750503, 0.503921568627451)
_viz_config[stim].size=(0.1212121212121212, 0.08)