_viz_0 = nengo_gui.components.SpikeGrid(featureMap_v)
_viz_config[_viz_0].label_visible = True
_viz_config[_viz_0].width = 0.14285714285714285
_viz_config[_viz_0].height = 0.19607843137254902
_viz_config[_viz_0].y = 0.23665158371040707
_viz_config[_viz_0].x = 0.19995670995670928
_viz_1 = nengo_gui.components.SpikeGrid(featureMap_h)
_viz_config[_viz_1].label_visible = True
_viz_config[_viz_1].width = 0.14285714285714285
_viz_config[_viz_1].height = 0.19607843137254902
_viz_config[_viz_1].y = 0.725641025641026
_viz_config[_viz_1].x = 0.16852813852813808
_viz_2 = nengo_gui.components.SpikeGrid(cornerLayer)
_viz_config[_viz_2].label_visible = True
_viz_config[_viz_2].width = 0.14285714285714285
_viz_config[_viz_2].height = 0.19607843137254902
_viz_config[_viz_2].y = 0.7564102564102564
_viz_config[_viz_2].x = 0.8290476190476189
_viz_ace_editor = nengo_gui.components.AceEditor()
_viz_net_graph = nengo_gui.components.NetGraph()
_viz_sim_control = nengo_gui.components.SimControl()
_viz_config[_viz_sim_control].kept_time = 4.0
_viz_config[_viz_sim_control].shown_time = 0.5
_viz_config[cornerLayer].pos=(0.6299999999999997, 0.5285067873303165)
_viz_config[cornerLayer].size=(0.09433962264150943, 0.1)
_viz_config[featureMap_h].pos=(0.4827272727272724, 0.8330316742081446)
_viz_config[featureMap_h].size=(0.09433962264150943, 0.1)
_viz_config[featureMap_v].pos=(0.42129870129870134, 0.29110105580693824)
_viz_config[featureMap_v].size=(0.09433962264150943, 0.1)
_viz_config[model].pos=(0, 0)
_viz_config[model].size=(1.0, 1.0)
_viz_config[model].expanded=True
_viz_config[model].has_layout=True
_viz_config[stim].pos=(0.18554112554112545, 0.5140271493212669)
_viz_config[stim].size=(0.07547169811320754, 0.08)